// request[0].id由server.exe添加

{
   "requests" : [{
      "GENERATOR_INTERVAL" : 20,
      "LARGE_FRUIT_DURATION" : 10,
      "LARGE_FRUIT_ENHANCEMENT" : 10,
      "SKILL_COST" : 6,
      "content" : [
         [ 16, 32, 0, 0, 0, 0, 32, 16 ],
         [ 0, 0, 0, 0, 0, 0, 0, 0 ],
         [ 1, 16, 16, 0, 0, 16, 16, 2 ],
         [ 0, 0, 0, 0, 0, 0, 0, 0 ],
         [ 0, 0, 0, 0, 0, 0, 0, 0 ],
         [ 4, 16, 16, 0, 0, 16, 16, 8 ],
         [ 0, 0, 0, 0, 0, 0, 0, 0 ],
         [ 16, 32, 0, 0, 0, 0, 32, 16 ]
      ],
      "height" : 8,
      "seed" : 1476248368,
      "static" : [
         [ 9, 5, 4, 3, 9, 4, 5, 3 ],
         [ 12, 3, 31, 8, 2, 31, 9, 6 ],
         [ 1, 4, 7, 10, 10, 13, 4, 1 ],
         [ 10, 9, 1, 2, 8, 1, 3, 10 ],
         [ 10, 12, 4, 2, 8, 4, 6, 10 ],
         [ 4, 1, 7, 10, 10, 13, 1, 4 ],
         [ 9, 6, 31, 8, 2, 31, 12, 3 ],
         [ 12, 5, 1, 6, 12, 1, 5, 6 ]
      ],
      "width" : 8
   }]
}
